

	// "00 00 00 00 00 00 00 00 00 00 01 01 58 01 01 01 "+
    // "00 00 00 00 00 00 00 00 00 00 00 01 01 01 01 01 "+
    // "00 00 00 00 00 00 00 00 00 00 00 00 00 22 22 01 "+
    // "00 00 00 00 00 00 00 62 00 00 00 00 00 00 00 22 "+
    // "00 00 00 00 56 00 00 00 00 00 00 00 00 00 00 60 "+
    // "00 00 00 00 57 00 00 00 00 00 00 00 00 00 00 00 "+
    // "02 02 02 02 02 02 02 02 02 02 02 02 02 02 02 02 "+
    // "00 00 00 00 00 00 00 00 00 00 00 00 00 00 00 00 "+
    // "00 00 00 00 00 00 00 00 00 00 00 00 00 00 00 00 "+
    // "00 00 00 00 00 00 00 00 00 00 00 00 00 00 00 00 "+
    // "00 00 00 00 00 00 00 00 00 00 00 00 00 00 00 00 "+
    // "00 00 00 00 00 00 00 00 00 00 00 00 00 00 00 00 "+
    // "00 00 00 00 00 00 00 00 00 00 00 00 00 00 00 00 "+
    // "00 00 00 00 00 00 00 00 00 00 00 00 00 00 00 00 "+
    // "00 00 00 00 00 00 00 00 00 00 00 00 00 00 00 00 "+
    // "00 00 00 00 00 00 00 00 00 00 00 00 00 00 00 00 "+


    "01 01 01 01 01 01 01 01 01 01 01 01 01 01 01 01 "+
    "01 01 01 01 00 00 00 00 00 00 00 00 00 00 00 01 "+
    "01 01 01 00 00 00 00 00 00 00 00 00 00 00 00 60 "+
    "58 01 00 00 00 00 00 00 00 00 00 00 00 61 00 00 "+
    "01 01 00 00 00 00 00 00 00 00 00 00 00 00 00 01 "+
    "01 01 00 00 61 00 00 00 01 20 20 00 00 00 00 01 "+
    "01 00 00 00 00 00 00 00 01 01 01 00 00 00 00 01 "+
    "01 00 00 00 00 00 00 01 01 01 01 21 00 00 00 01 "+
    "01 01 01 00 00 00 00 00 00 00 00 00 01 01 01 01 "+
    "01 01 01 01 00 00 00 00 00 00 00 00 22 01 01 01 "+
    "01 01 00 00 00 00 00 00 57 00 00 00 00 22 01 01 "+
    "01 00 00 00 00 00 00 01 01 01 00 00 00 00 01 01 "+
    "01 00 00 00 00 00 00 01 01 01 00 00 00 00 00 01 "+
    "01 56 00 01 01 00 00 01 01 01 00 00 00 00 00 01 "+
    "01 01 01 01 01 20 20 01 01 01 01 00 00 00 00 01 "+
    "01 01 01 01 01 01 01 01 01 01 01 00 00 00 00 01 "+

    "01 01 01 01 01 01 01 01 01 01 01 01 01 01 01 01 "+
    "01 01 00 00 00 00 00 00 00 00 01 01 01 01 58 01 "+
    "00 00 00 00 00 00 00 00 00 00 00 00 01 01 01 01 "+
    "00 00 00 00 00 00 00 00 00 00 00 00 00 00 01 01 "+
    "00 00 00 00 00 00 00 61 00 00 00 00 00 00 00 01 "+
    "01 01 00 00 00 00 00 00 00 00 00 00 00 00 00 01 "+
    "01 01 00 00 00 00 00 00 00 00 00 00 00 00 00 01 "+
    "01 01 00 00 01 20 20 20 20 01 00 00 00 00 01 01 "+
    "01 01 00 00 01 01 01 01 01 01 00 00 00 00 00 01 "+
    "01 01 00 00 00 00 00 00 00 00 00 00 00 00 00 01 "+
    "01 00 00 00 61 00 00 00 00 00 00 00 20 20 20 01 "+
    "01 00 00 00 00 00 00 00 57 00 00 00 01 01 02 01 "+
    "01 00 00 00 00 00 00 01 01 01 00 00 01 01 01 01 "+
    "01 56 00 00 00 00 00 01 01 01 00 00 00 01 01 01 "+
    "01 01 01 20 20 20 20 01 01 01 00 00 00 00 01 01 "+
    "01 01 01 01 01 01 01 01 01 01 00 00 00 00 00 01 "+

    // "01 01 01 01 01 01 01 01 01 01 01 01 01 01 01 01 "+
    // "01 01 00 00 00 00 61 00 00 00 00 00 01 01 01 01 "+
    // "01 00 00 00 00 00 00 00 00 00 00 00 00 01 01 01 "+
    // "01 00 00 00 00 00 01 00 00 00 00 00 00 01 01 01 "+
    // "01 00 00 00 00 57 01 00 00 00 00 00 00 00 01 01 "+
    // "01 00 00 00 01 01 01 20 20 20 00 00 00 00 01 01 "+
    // "01 56 00 01 01 01 01 01 01 01 00 00 00 00 01 01 "+
    // "01 01 01 01 01 01 01 01 01 01 01 00 00 00 01 01 "+
    // "01 01 01 01 01 01 00 00 01 01 00 00 00 00 01 01 "+
    // "01 01 01 01 01 00 00 00 00 00 00 00 00 01 01 01 "+
    // "01 01 00 00 00 00 00 00 00 00 00 00 00 00 01 01 "+
    // "00 00 00 00 00 00 00 00 00 00 00 61 00 00 00 01 "+
    // "00 00 00 00 00 00 00 00 00 00 00 00 00 00 00 01 "+
    // "01 00 00 00 00 00 00 00 00 00 00 01 00 00 00 01 "+
    // "01 01 01 20 20 20 20 20 20 01 01 01 00 00 00 01 "+
    // "01 01 01 01 01 01 01 01 01 01 01 01 00 00 00 01 "+

    "01 01 01 01 01 01 01 01 01 01 01 01 01 01 01 01 "+
    "01 00 22 22 00 01 01 01 00 00 00 00 01 01 58 01 "+
    "01 00 00 00 00 00 00 01 00 00 00 00 00 01 01 01 "+
    "01 57 00 00 00 00 00 00 00 00 00 00 00 00 01 01 "+
    "01 01 00 00 00 01 00 00 00 00 00 00 00 00 01 01 "+
    "01 21 00 00 00 01 00 00 00 00 62 00 00 00 01 01 "+
    "01 21 00 00 00 01 00 00 00 00 00 00 00 00 00 01 "+
    "01 21 00 00 01 01 00 00 00 00 00 00 00 00 00 01 "+
    "01 00 00 00 00 01 00 00 00 00 00 00 00 00 00 01 "+
    "01 01 00 00 00 01 00 00 00 00 00 00 00 00 00 01 "+
    "01 21 00 00 00 01 00 00 00 00 00 00 00 00 00 01 "+
    "01 21 00 00 00 01 00 00 00 00 00 00 00 00 00 00 "+
    "01 21 00 00 00 22 00 00 00 00 00 00 00 00 00 00 "+
    "01 00 52 00 00 20 00 00 00 00 00 00 00 00 00 01 "+
    "01 01 01 00 56 01 00 00 00 00 20 20 00 00 00 01 "+
    "01 01 01 01 01 01 00 00 00 00 01 01 00 00 00 01 "+

    "01 01 01 01 01 01 01 01 01 01 01 01 01 01 01 01 "+
    "01 01 01 00 00 00 00 00 01 01 01 01 01 01 01 01 "+
    "01 00 00 00 00 00 00 00 00 22 01 22 22 01 01 01 "+
    "01 56 00 00 00 00 00 00 00 00 22 00 00 01 01 01 "+
    "01 01 00 00 00 00 00 00 00 00 00 00 00 00 00 00 "+
    "01 00 00 00 00 00 00 00 00 00 00 00 00 00 00 00 "+
    "01 00 00 00 61 00 00 00 00 00 00 00 00 00 00 01 "+
    "01 00 00 00 00 00 00 00 01 00 00 00 00 00 00 01 "+
    "01 00 00 00 00 00 00 00 01 00 00 00 00 00 00 01 "+
    "01 00 00 00 00 00 00 00 00 00 00 00 00 00 20 01 "+
    "01 00 00 00 00 00 00 00 00 00 62 00 00 23 01 01 "+
    "01 00 00 00 00 00 00 00 00 00 00 00 00 01 01 58 "+
    "01 00 00 00 00 00 00 00 00 00 00 00 00 01 01 01 "+
    "01 00 00 57 00 00 00 00 00 00 00 00 52 01 01 01 "+
    "01 20 20 52 00 00 00 52 52 00 00 00 01 01 01 01 "+
    "01 01 01 01 00 00 00 01 01 00 00 00 01 01 01 01 "+

    "01 01 01 01 01 01 01 01 01 01 01 01 01 01 01 01 "+
    "01 01 01 01 01 01 01 01 01 01 01 01 01 01 01 01 "+
    "01 01 01 01 01 01 01 01 01 00 00 00 01 01 01 01 "+
    "01 01 01 01 00 01 01 01 00 00 00 00 00 01 01 01 "+
    "01 01 01 00 00 00 01 01 00 00 00 00 00 00 01 01 "+
    "01 01 01 00 00 00 01 01 00 62 00 00 00 00 01 01 "+
    "01 01 00 00 00 00 22 22 00 00 00 00 01 01 01 01 "+
    "01 01 00 62 00 00 00 00 00 00 00 00 01 01 01 01 "+
    "01 01 00 00 00 00 00 20 00 00 00 00 22 22 22 01 "+
    "01 00 00 00 00 00 20 01 00 00 00 00 00 00 00 00 "+
    "01 00 00 00 00 00 01 01 00 00 00 00 00 00 00 00 "+
    "01 00 00 00 00 00 01 01 00 00 00 00 52 52 52 01 "+
    "01 00 00 00 00 52 01 01 20 00 00 00 01 01 01 01 "+
    "01 00 00 00 00 01 01 01 01 00 00 52 01 58 01 01 "+
    "01 00 57 00 00 00 00 00 00 00 56 01 01 01 01 01 "+
    "01 01 01 01 01 01 01 01 01 01 01 01 01 01 01 01 "+

    "01 01 01 01 01 58 01 01 01 01 01 01 01 01 01 01 "+
    "01 00 00 01 01 01 00 00 00 00 00 00 00 00 00 01 "+
    "01 00 00 01 00 00 00 00 00 00 00 00 61 00 00 01 "+
    "01 00 00 00 00 00 00 20 00 00 00 00 00 00 00 01 "+
    "01 56 57 25 25 25 25 25 21 00 00 00 00 00 00 01 "+
    "01 01 01 01 01 01 01 01 00 00 00 00 00 00 00 01 "+
    "01 01 01 01 00 00 00 00 00 00 23 25 25 25 23 01 "+
    "01 01 01 00 00 00 00 00 00 00 00 00 00 00 00 01 "+
    "01 01 00 00 00 00 00 00 00 00 00 00 00 00 00 01 "+
    "00 00 00 00 00 00 00 20 00 00 00 00 00 00 00 01 "+
    "00 00 00 00 00 00 00 25 25 25 00 00 00 00 00 01 "+
    "01 01 00 00 00 00 00 00 00 00 00 00 01 01 01 01 "+
    "01 01 00 00 00 00 00 00 00 00 00 00 00 01 01 01 "+
    "01 01 00 00 00 00 00 00 00 00 00 00 00 01 01 01 "+
    "01 01 00 00 00 00 00 00 00 00 00 00 00 00 01 01 "+
    "01 01 01 01 00 00 00 00 00 00 00 00 00 00 00 01 "+

    "01 01 01 01 01 01 01 01 01 01 01 01 01 01 01 01 "+
    "00 00 00 00 00 00 00 00 00 01 01 01 01 01 01 01 "+
    "00 00 00 00 01 00 00 00 00 00 01 58 01 01 01 01 "+
    "01 01 00 00 00 00 00 01 00 00 01 01 01 01 01 01 "+
    "01 01 00 00 00 00 00 00 00 00 01 01 01 01 01 01 "+
    "01 00 00 00 61 00 00 00 00 00 01 01 01 01 01 01 "+
    "01 00 00 00 00 00 00 00 00 00 01 01 01 01 01 01 "+
    "01 00 00 00 00 00 00 00 00 00 01 01 01 01 01 01 "+
    "01 01 01 00 00 00 00 00 00 00 01 01 01 01 01 01 "+
    "01 01 00 00 01 01 00 00 00 00 00 01 01 01 01 01 "+
    "01 00 00 01 01 01 00 00 00 52 20 00 00 00 01 01 "+
    "01 00 00 00 01 00 00 00 23 01 01 00 00 00 55 01 "+
    "01 01 00 00 00 01 00 00 00 00 00 00 00 00 00 01 "+
    "01 00 00 00 00 00 00 00 00 00 00 00 00 00 00 01 "+
    "01 00 00 00 57 56 00 00 00 00 25 25 00 00 52 01 "+
    "01 25 25 25 25 25 00 00 00 00 25 25 25 25 01 01 "+

    "01 01 01 01 01 01 01 01 01 01 01 01 01 01 01 01 "+
    "01 01 01 01 01 01 01 01 01 01 01 01 00 00 00 00 "+
    "01 01 01 00 00 20 00 00 00 00 00 00 20 00 00 00 "+
    "01 01 00 00 00 25 25 25 25 25 25 25 25 00 00 01 "+
    "01 00 00 00 00 01 01 01 01 01 01 01 00 00 00 01 "+
    "01 00 00 00 00 00 01 01 58 01 01 00 00 00 00 01 "+
    "01 00 00 00 00 00 01 01 01 01 00 00 00 00 00 01 "+
    "01 56 57 00 00 00 00 01 01 00 00 00 00 00 01 01 "+
    "01 01 01 52 00 00 00 00 00 00 00 00 00 00 01 01 "+
    "01 01 01 01 00 00 00 20 00 00 00 00 00 00 01 01 "+
    "01 01 00 00 00 00 23 25 21 00 00 00 52 00 00 01 "+
    "01 00 00 00 00 00 23 25 21 00 00 00 01 00 00 01 "+
    "01 00 62 00 00 00 00 22 00 00 00 00 00 00 00 01 "+
    "01 00 00 00 00 52 20 00 00 00 00 00 00 00 00 01 "+
    "01 00 00 00 23 01 01 00 20 52 52 00 00 00 00 01 "+
    "01 00 00 00 23 01 01 00 01 01 01 21 00 00 00 01 "+

    "01 01 58 01 01 01 01 01 01 01 01 01 01 01 01 01 "+
    "01 01 01 01 00 00 00 00 00 00 00 00 00 00 00 01 "+
    "01 00 00 00 00 00 00 00 00 00 00 00 00 00 00 01 "+
    "01 56 57 00 00 00 23 25 25 21 00 00 00 00 00 01 "+
    "01 01 01 01 01 01 01 00 00 00 00 23 01 01 00 01 "+
    "01 01 01 01 01 01 01 00 00 00 00 00 00 00 00 01 "+
    "01 01 00 00 00 00 01 00 00 00 00 00 00 00 00 01 "+
    "01 00 00 00 00 00 00 00 00 00 00 00 00 00 00 01 "+
    "01 00 23 25 25 25 25 21 00 00 00 00 00 00 00 01 "+
    "01 00 00 00 00 00 00 00 23 25 25 25 25 25 23 01 "+
    "01 00 00 00 00 00 00 00 00 00 00 00 00 00 00 01 "+
    "01 00 00 00 00 62 00 00 00 00 00 00 00 00 00 00 "+
    "01 00 00 00 00 00 00 00 00 00 00 00 00 00 00 00 "+
    "01 00 01 01 00 00 00 00 00 00 00 00 00 00 00 01 "+
    "01 00 01 01 01 00 00 00 01 00 20 20 20 00 00 01 "+
    "01 00 01 01 01 00 01 01 01 00 01 01 01 00 00 01 "+

    "25 25 25 25 25 25 25 25 25 25 25 25 25 25 25 25 "+
    "25 25 25 25 25 25 00 00 00 00 00 00 25 25 25 25 "+
    "25 25 25 21 00 00 00 00 00 00 00 00 00 25 25 25 "+
    "25 25 21 00 00 00 00 00 00 20 00 00 00 00 25 25 "+
    "25 25 21 00 00 00 00 20 00 01 00 00 00 00 25 25 "+
    "25 25 21 00 00 00 23 01 52 01 00 00 00 00 00 25 "+
    "25 25 21 00 00 00 00 22 01 01 00 00 00 00 00 25 "+
    "25 25 20 00 00 00 00 00 01 01 00 00 00 00 00 00 "+
    "25 01 01 20 20 52 00 00 00 01 00 00 61 00 00 00 "+
    "01 01 01 01 01 01 20 00 00 01 00 00 00 00 00 01 "+
    "01 01 01 22 22 22 01 00 00 01 00 00 00 00 00 01 "+
    "01 01 22 00 00 00 22 00 00 01 00 00 00 00 00 01 "+
    "01 22 00 00 00 00 00 00 52 01 00 00 00 00 00 01 "+
    "01 00 00 00 00 00 00 00 01 01 00 00 00 00 00 01 "+
    "01 56 00 00 20 20 00 00 01 01 58 00 00 00 20 01 "+
    "01 01 01 01 01 01 01 01 01 01 01 01 01 01 01 01 "+

    "25 25 25 25 25 25 25 25 25 25 25 25 25 25 25 25 "+
    "25 00 00 00 00 00 00 00 00 00 00 00 00 00 00 00 "+
    "25 00 00 00 00 00 00 00 00 00 00 00 00 00 00 00 "+
    "25 01 21 00 00 01 01 01 01 00 00 00 00 00 20 25 "+
    "01 01 00 00 00 00 01 01 01 00 00 00 00 20 25 25 "+
    "01 01 00 00 00 00 01 01 25 00 00 25 25 25 25 25 "+
    "01 01 00 00 00 00 01 01 25 25 00 22 22 22 25 25 "+
    "01 01 00 00 00 00 01 01 25 25 00 00 00 00 00 25 "+
    "01 21 00 00 00 00 01 01 25 25 00 00 00 00 00 25 "+
    "01 21 00 00 00 52 01 01 25 25 25 01 52 00 00 01 "+
    "01 00 00 00 23 01 01 01 25 25 25 01 01 21 23 01 "+
    "01 00 00 00 00 01 01 25 25 25 25 01 01 21 23 01 "+
    "01 00 00 00 00 00 01 25 25 25 25 01 21 00 23 01 "+
    "01 52 00 00 00 00 00 00 00 00 00 00 00 00 23 01 "+
    "01 01 00 00 00 00 56 00 00 58 00 00 00 00 00 01 "+
    "01 01 01 01 01 01 01 01 01 01 01 01 01 01 01 01 "+

    "01 25 25 25 25 25 25 25 25 25 25 25 25 25 25 25 "+
    "01 01 25 25 25 00 00 00 00 00 00 00 25 25 25 25 "+
    "01 01 25 00 00 00 00 00 00 00 00 00 00 00 25 25 "+
    "01 01 01 00 00 00 00 00 20 00 00 00 00 00 25 25 "+
    "01 01 01 00 00 00 00 00 25 20 00 00 00 00 00 25 "+
    "01 01 01 00 00 00 00 00 25 25 00 00 00 00 00 25 "+
    "01 25 25 00 00 52 00 00 25 25 20 52 00 00 00 25 "+
    "25 25 25 00 00 01 21 00 01 01 25 25 00 00 00 25 "+
    "25 25 25 00 00 00 00 00 01 01 25 00 00 00 00 00 "+
    "25 25 00 00 00 00 00 00 01 25 25 00 00 00 00 00 "+
    "25 25 00 00 00 00 00 00 01 25 25 00 00 00 00 25 "+
    "25 00 00 00 00 00 00 00 25 25 25 00 00 00 00 25 "+
    "00 00 61 00 00 00 00 00 00 00 00 00 00 00 00 25 "+
    "00 00 00 00 00 52 00 00 00 00 00 00 00 00 00 25 "+
    "00 00 00 00 00 01 00 00 00 00 00 00 00 56 58 25 "+
    "00 00 00 00 00 00 00 01 01 00 00 01 01 01 01 25 "+

    "25 25 25 25 25 25 25 25 25 25 25 25 25 25 25 25 "+
    "25 25 25 25 00 00 00 00 00 00 00 00 00 00 00 25 "+
    "25 25 25 00 00 00 00 00 00 00 00 00 00 00 00 25 "+
    "25 25 00 00 00 00 00 00 00 00 00 00 20 00 00 00 "+
    "25 25 00 00 00 00 00 00 00 00 00 00 01 00 00 00 "+
    "25 25 00 62 00 00 00 00 00 00 00 00 01 00 00 25 "+
    "25 25 00 00 00 00 01 00 00 00 00 00 00 00 00 25 "+
    "25 00 00 00 00 00 01 00 00 00 00 00 00 00 00 25 "+
    "25 00 00 00 00 00 00 00 00 00 00 00 00 00 00 25 "+
    "25 00 00 00 00 00 00 00 00 00 00 00 00 00 00 25 "+
    "25 00 00 00 00 00 00 00 00 00 52 00 00 00 00 25 "+
    "25 00 00 00 00 00 00 00 00 00 01 00 00 00 00 25 "+
    "25 00 56 00 00 00 00 00 00 00 01 00 00 00 58 25 "+
    "25 25 25 00 00 00 00 52 00 00 00 00 00 25 25 25 "+
    "25 25 25 00 00 00 00 01 00 00 00 00 00 00 25 25 "+
    "25 25 00 00 00 00 00 01 00 00 00 00 00 00 00 25 "+

    "01 01 01 01 01 01 01 01 01 01 01 01 01 01 01 01 "+
    "01 01 01 01 01 01 01 00 00 00 00 00 00 00 00 00 "+
    "01 01 01 01 01 01 00 00 00 00 00 00 00 00 00 00 "+
    "01 01 01 00 01 01 00 00 00 00 00 00 00 00 23 01 "+
    "01 01 00 00 00 01 00 00 00 00 00 62 00 00 00 01 "+
    "01 01 00 00 00 01 00 00 00 00 00 00 00 00 00 01 "+
    "01 00 00 00 00 00 00 01 00 00 00 00 00 00 00 01 "+
    "01 00 00 00 00 20 00 01 00 00 00 00 00 00 00 01 "+
    "01 00 00 00 00 01 00 01 00 01 01 00 00 00 00 01 "+
    "01 01 00 00 00 01 00 01 00 00 00 00 00 00 00 01 "+
    "01 01 58 00 00 00 00 01 00 00 00 00 00 00 00 01 "+
    "01 01 01 00 00 20 00 01 00 00 00 00 52 00 00 01 "+
    "01 01 01 00 00 01 00 00 00 00 00 00 01 00 00 01 "+
    "25 25 25 56 00 01 00 00 00 00 00 00 00 00 00 01 "+
    "25 25 25 25 00 01 00 00 00 25 20 20 20 20 20 25 "+
    "25 25 25 25 01 01 01 01 01 25 25 25 25 25 25 25 "+

    "25 25 25 25 25 25 25 25 25 25 25 25 25 25 25 25 "+
    "25 25 25 25 25 00 00 00 00 00 00 00 00 00 25 25 "+
    "25 25 25 25 00 00 00 00 00 00 00 01 01 00 00 25 "+
    "25 25 25 00 00 62 00 00 01 20 20 01 01 00 00 01 "+
    "25 25 25 56 00 00 00 00 01 01 01 01 01 00 00 01 "+
    "25 25 25 25 00 00 00 00 22 22 01 01 01 00 00 01 "+
    "25 00 20 20 20 20 00 00 00 00 00 00 22 00 00 01 "+
    "25 00 25 25 25 25 25 25 25 25 00 00 20 00 00 01 "+
    "25 00 00 00 00 00 25 25 25 25 00 58 25 00 00 01 "+
    "25 00 00 00 00 00 00 00 25 25 25 25 25 00 00 01 "+
    "00 00 00 00 00 00 00 00 00 00 25 00 00 00 00 01 "+
    "00 00 00 00 00 00 00 00 00 00 00 00 00 00 00 01 "+
    "25 00 00 00 00 20 20 20 00 00 00 00 00 00 00 01 "+
    "25 00 25 25 25 01 01 01 00 00 00 00 00 00 00 01 "+
    "25 00 25 25 25 25 25 25 25 00 00 52 00 00 00 01 "+
    "25 00 25 25 25 25 25 25 25 00 00 25 00 00 00 01 "+

    "25 25 25 25 25 25 25 25 25 25 25 25 25 25 25 25 "+
    "25 25 25 25 25 25 25 25 25 25 00 00 00 00 00 00 "+
    "25 25 25 25 25 25 25 25 25 00 00 00 00 00 00 00 "+
    "25 25 25 25 25 25 25 25 25 00 00 00 00 00 00 01 "+
    "25 25 25 00 00 00 25 25 25 00 00 00 00 00 00 01 "+
    "25 25 00 00 00 00 20 20 00 00 61 00 00 00 00 01 "+
    "25 00 00 00 00 00 25 25 20 00 00 00 00 00 00 01 "+
    "25 00 00 00 00 00 25 25 25 00 00 00 00 00 00 01 "+
    "01 00 00 00 00 00 00 25 00 00 00 20 52 00 00 25 "+
    "01 00 00 00 00 00 00 00 00 00 25 25 25 00 00 25 "+
    "01 00 00 00 25 00 00 00 00 00 00 00 56 00 00 25 "+
    "01 21 00 00 00 00 00 00 00 00 00 00 25 00 00 25 "+
    "01 21 00 00 25 00 00 00 00 00 00 00 00 00 00 25 "+
    "01 21 00 25 25 58 00 00 00 00 00 00 00 00 00 25 "+
    "00 00 00 25 25 25 25 25 25 25 25 25 00 00 00 25 "+
    "00 00 00 00 25 25 25 25 25 25 25 00 00 00 00 25 "+

    "25 25 25 25 25 25 25 25 25 25 25 25 25 25 25 25 "+
    "25 25 25 00 00 00 00 25 25 00 00 00 25 25 25 25 "+
    "25 25 00 00 00 00 00 25 25 00 00 00 00 00 25 25 "+
    "25 25 00 00 00 00 00 25 25 00 00 00 00 00 25 25 "+
    "25 00 00 00 00 00 00 00 25 00 00 00 00 00 00 25 "+
    "25 00 00 00 00 00 00 00 22 00 00 00 00 00 00 25 "+
    "00 00 00 00 00 00 00 00 00 00 00 00 00 00 00 25 "+
    "00 00 00 00 00 01 01 21 23 01 01 00 00 00 00 25 "+
    "25 00 00 00 25 00 00 00 00 00 00 00 00 00 00 25 "+
    "25 00 00 00 25 00 00 00 00 00 00 58 00 00 00 25 "+
    "25 00 00 00 25 00 00 00 00 00 00 01 00 00 00 25 "+
    "25 00 00 00 00 00 00 00 00 00 00 00 00 00 00 25 "+
    "25 00 00 00 00 00 00 00 00 00 00 00 00 00 00 25 "+
    "25 00 00 00 00 00 00 52 52 00 00 00 00 00 00 25 "+
    "25 00 00 56 00 00 00 01 01 00 00 00 00 00 00 25 "+
    "25 00 00 01 00 00 00 00 00 00 00 00 00 00 00 25 "+

    "01 01 01 01 01 01 01 01 01 01 01 01 01 01 01 01 "+
    "01 58 00 20 00 00 00 00 00 00 00 00 00 01 01 01 "+
    "01 56 00 25 25 25 25 25 25 00 00 00 00 55 01 01 "+
    "01 01 00 25 25 25 25 25 25 00 00 20 00 55 01 01 "+
    "01 00 00 25 25 25 25 25 25 25 25 25 21 55 01 01 "+
    "01 00 01 25 25 25 25 00 00 00 00 22 00 55 01 01 "+
    "01 00 00 25 25 00 00 00 00 00 00 00 00 01 01 01 "+
    "01 00 00 25 00 00 00 00 00 00 00 00 00 00 00 01 "+
    "01 21 00 25 00 00 00 00 00 00 00 00 61 00 00 00 "+
    "01 21 00 25 00 00 00 00 00 00 00 00 00 00 00 00 "+
    "01 21 00 25 00 00 00 52 52 00 00 00 00 00 00 01 "+
    "01 00 00 00 00 00 00 25 25 00 00 00 00 00 00 01 "+
    "01 00 00 00 00 00 00 00 00 00 00 00 00 00 00 01 "+
    "01 00 00 00 00 00 00 00 00 00 00 00 00 00 00 01 "+
    "01 00 00 00 00 00 25 25 25 25 25 00 00 00 00 01 "+
    "01 01 01 01 00 00 25 25 25 25 25 00 00 00 00 00 "+

    // "25 25 25 25 25 25 25 25 25 25 25 25 25 25 25 25 "+
    // "25 25 25 25 25 25 25 25 25 25 25 25 25 25 25 25 "+
    // "25 01 00 00 20 00 00 00 22 22 00 00 00 00 55 25 "+
    // "25 01 00 25 25 00 00 00 00 00 00 00 00 00 00 25 "+
    // "25 00 00 56 00 25 00 52 52 52 00 00 00 00 00 25 "+
    // "25 00 00 25 00 00 25 25 25 25 00 00 00 00 00 25 "+
    // "25 00 25 25 58 00 00 00 00 00 00 00 00 00 00 25 "+
    // "25 00 25 25 00 00 00 00 00 00 00 00 00 00 00 25 "+
    // "25 00 25 25 25 00 00 00 00 25 00 00 00 20 20 25 "+
    // "25 00 00 25 25 25 25 25 25 25 00 00 00 25 25 25 "+
    // "25 00 00 00 25 25 25 25 25 00 00 00 00 00 25 25 "+
    // "25 00 00 00 00 00 00 00 00 00 00 00 00 00 00 00 "+
    // "25 00 00 00 00 00 00 00 00 00 00 00 00 00 00 00 "+
    // "25 00 00 00 00 00 00 00 00 00 00 00 00 00 00 01 "+
    // "25 00 01 00 00 01 00 00 01 00 00 00 00 00 00 01 "+
    // "25 00 01 00 00 01 00 00 01 00 00 00 00 00 00 01 "+

    "01 01 01 01 01 01 01 01 01 01 01 01 01 01 01 01 "+
    "01 01 01 01 01 01 00 00 00 00 00 01 01 01 01 01 "+
    "01 01 01 01 00 00 00 00 00 00 00 00 01 01 01 01 "+
    "01 01 00 00 00 00 00 00 00 00 00 00 00 01 01 01 "+
    "01 01 00 00 00 00 00 00 00 00 00 00 00 00 01 01 "+
    "01 00 00 00 00 00 00 00 00 00 00 00 00 00 01 01 "+
    "01 00 00 00 00 00 00 00 00 00 00 00 00 00 01 01 "+
    "01 00 00 00 00 00 00 00 63 00 00 00 00 00 00 01 "+
    "01 00 00 00 00 00 00 25 25 25 00 00 00 00 00 01 "+
    "01 00 61 00 00 00 00 25 25 25 00 00 00 61 00 01 "+
    "01 00 00 00 00 00 25 25 25 25 25 00 00 00 00 01 "+
    "01 00 00 00 00 25 25 25 25 25 25 25 00 00 00 01 "+
    "01 00 00 00 00 25 25 25 25 25 25 25 00 00 00 01 "+
    "01 00 00 00 25 25 25 25 25 25 25 25 25 00 00 01 "+
    "01 00 56 00 25 25 25 25 25 25 25 25 25 00 00 01 "+
    "01 01 01 01 01 01 01 01 01 01 01 01 01 01 01 01 "+
    ""